459.8374288366527 57.602308055104494 171.10175196364057 23.037324530905195 168.00696108862454 
31.48516606947001 40.829804695700105 309.6671502575896 45.886173617234974 362.43869320986647 
58.68481776234793 609.5108020968546 523.1213901353109 101.38747738632254 525.9055991850598 
487.36421825494824 536.1570112880547 241.0505732350488 154.59692554856207 75.24640780822195 
415.00592327499527 98.11896113669488 172.6090939919843 376.4947804315366 299.79287918239066 
379.69826389341426 589.0497945470422 78.73486265438308 436.2895801504725 270.7353235781665 
144.64712941289218 587.4433708442966 249.66029302345652 29.147404237399257 221.1823487122671 
541.8232557244544 445.6364320933679 325.37273471924914 534.2112321365446 224.70952322214544 
538.3394288535765 513.0613227112938 383.2928246051588 428.22454927301465 553.9699373934816 
567.6244726280466 183.9441468929683 286.9016799667254 209.58281110894865 179.3621038351169 
555.5397994573651 539.9958301885933 416.16604588143457 37.886368905450254 589.3751474739634 
234.69985873179175 105.24282588706389 294.56041358471776 71.11178626558082 231.98539280154475 
128.2151309391447 339.6710687339116 381.8241047734563 26.78702740740571 327.6679387073758 
581.0541058198415 151.86570436994447 344.24843398423724 29.85252095036784 460.8909669209967 
491.77428949595395 123.74927244555194 357.5677017018408 297.3955248235444 574.4340422322277 
52.431624294112304 312.6579028825524 288.1098780522475 492.7138871813583 359.94466664986453 
327.34649212079745 361.5276246523604 266.80077946904265 536.126362934632 133.62346835990616 
513.7635972155456 225.4463551862439 383.3409303067778 149.9059955652337 216.98877565711993 
335.34608155111255 165.19080147073592 134.19071729105582 436.3489802580622 402.86941151522524 
163.32184542496583 402.91645629717993 542.086360992431 222.35972693547063 104.04062288776085 
264.7561202169754 553.582021903071 95.22291031227036 266.4623739092391 468.5566454543996 
102.03909605959817 494.02325321954095 233.90853576068835 414.64546503559797 48.52445339934735 
395.80535814280114 400.2725377834272 228.72263210599263 244.08816476029477 558.8609430165089 
93.0725774110364 547.5569730397294 268.6793022676427 167.15919176598547 124.91013745816942 
215.7052632715995 535.5769624546153 616.6594305049097 335.0531232333816 42.47315297582515 
98.05505204601732 367.72487551175095 232.86209793723992 518.3363931373385 244.99978089963514 
337.8561834622931 204.77866924673904 140.04144229746257 322.1985674369192 458.96366180032646 
296.5945815432079 543.6038748795226 566.0190373074742 573.3966685579834 332.7203208155727 
194.42357749897977 486.196887674023 392.94920702929176 484.1719610397466 533.7353195665048 
84.45145432456275 595.0602669601615 346.9950992991466 30.613635414752864 545.6476243582748 
