450.9956411700978 211.12167190682158 191.90841374393258 348.85526285779395 312.75533707694444 
100.23555878264622 309.81019537139696 54.564353958213395 269.9222854454781 195.39619620842595 
468.319504473801 254.97453975064437 338.9189983412823 160.45183319248895 66.85546327545465 
266.18380040599914 242.87859153046946 170.39193053218904 162.33754092385777 221.61724456341696 
447.66175502975346 330.64200475539934 222.56387640278572 416.93543123270837 68.63172288301993 
235.18291433302156 450.54306697106625 447.0873602186143 204.82794426044214 126.38527209776778 
48.91994634048085 410.8988457357807 382.17912258593077 244.44949830376265 418.63588611945323 
83.58698974599565 412.3960751945146 79.34229884506176 410.9644986385367 82.59127224620588 
99.18520316002126 363.1200346388586 377.06307724397743 177.11190425834215 348.42324358678263 
265.52971826270266 384.1805813948489 16.746091134630984 363.9335836409621 380.7782416872427 
92.66272989274364 179.61284820413292 235.50529662825835 218.36035885227045 412.8948642931962 
65.3568934396042 350.79498940377744 35.83620201622172 186.32317190485335 283.4224119073244 
187.75250593682867 476.4489115062662 259.6948521944727 311.9871235467294 169.21079610856304 
99.47290075411196 446.6579761912453 327.9474900206858 386.28087163063077 16.183488981556685 
495.86155192800925 233.34544375447197 122.19214698690544 469.3385091025912 309.69645238059286 
28.62749353075349 233.2191208140633 319.06253007382765 282.8178642291746 308.1266605391338 
68.33474405184052 23.02420812780075 254.58982822122337 278.15802846705185 234.23127009127265 
323.7975588578177 194.5925704380975 323.1183131018346 137.34921264851243 481.2976534130339 
365.3331095631906 269.9803356135132 359.5548452393715 13.181400387268996 331.2999698388629 
126.57281616408189 49.10716973069456 31.104076847723196 308.5024289306921 194.03622672648712 
133.55469471145602 385.72214715253006 473.6350670563453 78.84530974883101 286.2028356756882 
458.33304417917503 477.00814718044626 254.78880410669063 202.79247520051553 62.04262670135989 
28.384492049902168 450.2971302653588 370.03031257218043 40.35073794189375 49.863510805640104 
261.5086170731022 132.61170868139885 276.0456647208666 14.952940362383362 16.464817216274064 
490.3764805522862 448.2980153589434 217.96896546828748 40.825639043700725 182.23850406309404 
500.84475987568095 342.90533106483866 100.49485296705006 238.5295084424843 409.1539171150922 
325.9120698806431 421.54668151814775 308.3978875719661 459.4605764590062 130.52450730828258 
312.84394558827506 193.9030197116418 377.56495110199506 179.78306591502678 41.738583963830834 
147.44577539356678 270.28293820686935 314.38463966999734 238.24500005694094 114.17585038618954 
467.4399387938678 271.00602671096055 228.07695981314012 226.01651779250008 477.29850581479917 
